# Table from:
# Groot et al., Mol. Phys., 62, 861 (1987),
#Hard sphere fluids near a hard wall and a hard cylinder
0       0.5745  0.715   0.758  0.813 0.9135
0.525 2.050 3.584 4.212 5.246 7.523
0.575 1.630 2.516 2.827 3.219 3.906
0.625 1.327 1.802 1.955 2.046 2.084
0.675 1.084 1.318 1.359 1.346 1.171
0.725 9.900 0.999 0.995 0.996 0.702
0.775 0.756 0.771 0.735 0.651 0.451
0.825 0.647 0.608 0.568 0.496 0.312
0.875 0.558 0.502 .0.459 0.383 0.237
0.925 0.498 0.426 0.377 0.325 0.193
0.975 0.451 0.382 0.335 0.288 0.170
1.025 0.416 0.354 0.316 0.273 0.164
1.075 0.391 0.338 0.312 0.269 0.175
1.125 0.376 0.342 0.317 0.289 0.203
1.175 0.374 0.368 0.343 0.333 0.273
1.225 0.384 0.402 0.401 0.415 0.402
1.275 0.401 0.464 0.479 0.542 0.647
1.325 0.435 0.556 0.608 0.726 1.068
1.375 0.482 0.682 0.794 0.997 1.697
1.425 0.535 0.843 1.011 1.308 2.218
1.475 0.601 0.989 1.200 1.518 2.281
1.525 0.674 1.098 1.298 1.541 1.940
1.575 0.706 1.102 1.249 1.372 1.484
1.625 0.703 1.019 1.116 1.185 1.086
1.675 0.700 0.933 0.986 0.990 0.809
1.725 0.679 0.849 0.875 0.844 0.614
1.775 0.654 0.770 0.757 0.714 0.503
1.825 0.626 0.694 0.674 0.622 0.429
1.875 0.594 0.642 0.620 0.559 0.382
1.925 0.581 0.603 0.585 0.530 0.378
1.975 0.556 0.575 0.551 0.517 0.407
2.025 0.543 0.559 0.536 0.531 0.452
2.075 0.525 0.563 0.561 0.552 0.533
2.125 0.521 0.567 0.561 0.594 0.656
2.175 0.522 0.587 0.599 0.655 0.845
2.225 0.526 0.619 0.649 0.734 1.084
2.275 0.532 0.661 0.715 0.825 1.327
2.325 0.543 0.707 0.782 0.931 1.488
2.375 0.549 0.755 0.854 1.005 1.554
2.425 0.563 0.792 0.888 1.084 1.488
2.475 0.576 0.819 0.910 1.084 1.329
2.525 0.588 0.829 0.918 1.050 1.127
2.575 0.590 0.826 0.906 0.987 0.952
2.625 0.598 0.805 0.875 0.909 0.809
2.675 0.602 0.783 0.836 0.850 0.698
2.725 0.601 0.757 0.794 0.785 0.622
2.775 0.601 0.731 0.766 0.743 0.589
2.825 0.593 0.705 0.735 0.715 0.578
2.875 0.587 0.680 0.701 0.669 0.591
2.925 0.581 0.667 0.678 0.657 0.617
2.975 0.576 0.649 0.672 0.680 0.680
